
data;

param n := 58;

param : E : c :=
0 1 2635.00
0 2 2713.00
0 3 2437.00
0 4 1600.00
0 5 2845.00
0 6 6002.00
0 7 1743.00
0 8 594.00
0 9 2182.00
0 10 2906.00
0 11 1658.00
0 12 464.00
0 13 3334.00
0 14 3987.00
0 15 2870.00
0 16 2601.00
0 17 330.00
0 18 3049.00
0 19 1302.00
0 20 3399.00
0 21 1946.00
0 22 1278.00
0 23 669.00
0 24 627.00
0 25 2878.00
0 26 1737.00
0 27 3124.00
0 28 2878.00
0 29 307.00
0 30 5217.00
0 31 799.00
0 32 3305.00
0 33 3716.00
0 34 2251.00
0 35 2878.00
0 36 3467.00
0 37 4316.00
0 38 2963.00
0 39 512.00
0 40 2515.00
0 41 4850.00
0 42 1937.00
0 43 367.00
0 44 3601.00
0 45 3936.00
0 46 2430.00
0 47 2691.00
0 48 2087.00
0 49 1861.00
0 50 2358.00
0 51 2263.00
0 52 1425.00
0 53 2266.00
0 54 2166.00
0 55 3870.00
0 56 1417.00
0 57 739.00
1 0 2635.00
1 2 314.00
1 3 2636.00
1 4 666.00
1 5 1096.00
1 6 4645.00
1 7 693.00
1 8 2889.00
1 9 287.00
1 10 772.00
1 11 1135.00
1 12 2875.00
1 13 1424.00
1 14 2185.00
1 15 1193.00
1 16 846.00
1 17 2142.00
1 18 1127.00
1 19 3104.00
1 20 1484.00
1 21 490.00
1 22 990.00
1 23 1950.00
1 24 2855.00
1 25 975.00
1 26 926.00
1 27 1214.00
1 28 599.00
1 29 2535.00
1 30 3860.00
1 31 3027.00
1 32 1407.00
1 33 1811.00
1 34 359.00
1 35 1060.00
1 36 1557.00
1 37 2959.00
1 38 394.00
1 39 2740.00
1 40 98.00
1 41 3538.00
1 42 856.00
1 43 2026.00
1 44 1710.00
1 45 1733.00
1 46 508.00
1 47 194.00
1 48 532.00
1 49 2906.00
1 50 435.00
1 51 335.00
1 52 2470.00
1 53 137.00
1 54 234.00
1 55 2072.00
1 56 1196.00
1 57 1517.00
2 0 2713.00
2 1 314.00
2 3 2730.00
2 4 706.00
2 5 791.00
2 6 4588.00
2 7 922.00
2 8 2991.00
2 9 217.00
2 10 760.00
2 11 1050.00
2 12 2915.00
2 13 1119.00
2 14 1776.00
2 15 1451.00
2 16 5410.00
2 17 2182.00
2 18 846.00
2 19 3333.00
2 20 578.00
2 21 721.00
2 22 1030.00
2 23 1990.00
2 24 2895.00
2 25 670.00
2 26 835.00
2 27 909.00
2 28 287.00
2 29 2575.00
2 30 3803.00
2 31 3067.00
2 32 1102.00
2 33 1505.00
2 34 158.00
2 35 439.00
2 36 1248.00
2 37 2902.00
2 38 287.00
2 39 2780.00
2 40 276.00
2 41 3436.00
2 42 771.00
2 43 2066.00
2 44 1395.00
2 45 1740.00
2 46 407.00
2 47 279.00
2 48 334.00
2 49 3135.00
2 50 337.00
2 51 235.00
2 52 2699.00
2 53 451.00
2 54 546.00
2 55 1882.00
2 56 2699.00
2 57 1557.00
3 0 2437.00
3 1 2636.00
3 2 2730.00
3 4 2824.00
3 5 3457.00
3 6 6083.00
3 7 2120.00
3 8 2040.00
3 9 2844.00
3 10 2973.00
3 11 3937.00
3 12 1958.00
3 13 3710.00
3 14 4363.00
3 15 2941.00
3 16 3207.00
3 17 1991.00
3 18 3512.00
3 19 1571.00
3 20 3392.00
3 21 2013.00
3 22 2922.00
3 23 2368.00
3 24 2170.00
3 25 3336.00
3 26 3503.00
3 27 3500.00
3 28 2884.00
3 29 2109.00
3 30 5298.00
3 31 2108.00
3 32 3643.00
3 33 4092.00
3 34 2934.00
3 35 3093.00
3 36 3843.00
3 37 4391.00
3 38 2763.00
3 39 2083.00
3 40 2543.00
3 41 4925.00
3 42 3236.00
3 43 2107.00
3 44 3939.00
3 45 4274.00
3 46 3008.00
3 47 2522.00
3 48 3006.00
3 49 806.00
3 50 2936.00
3 51 3026.00
3 52 947.00
3 53 2464.00
3 54 2364.00
3 55 4208.00
3 56 3116.00
3 57 2390.00
4 0 1600.00
4 1 666.00
4 2 706.00
4 3 2824.00
4 5 1247.00
4 6 4746.00
4 7 716.00
4 8 2223.00
4 9 584.00
4 10 1442.00
4 11 694.00
4 12 2089.00
4 13 1577.00
4 14 2230.00
4 15 1609.00
4 16 1003.00
4 17 1260.00
4 18 1297.00
4 19 2535.00
4 20 1511.00
4 21 908.00
4 22 324.00
4 23 1116.00
4 24 2183.00
4 25 1126.00
4 26 260.00
4 27 1367.00
4 28 996.00
4 29 1863.00
4 30 3961.00
4 31 2355.00
4 32 1565.00
4 33 1959.00
4 34 660.00
4 35 1106.00
4 36 1710.00
4 37 3060.00
4 38 991.00
4 39 2068.00
4 40 523.00
4 41 3594.00
4 42 434.00
4 43 1354.00
4 44 1861.00
4 45 2196.00
4 46 658.00
4 47 750.00
4 48 563.00
4 49 2929.00
4 50 586.00
4 51 668.00
4 52 2493.00
4 53 494.00
4 54 557.00
4 55 2130.00
4 56 524.00
4 57 851.00
5 0 2845.00
5 1 1096.00
5 2 791.00
5 3 3457.00
5 4 1247.00
5 6 5126.00
5 7 1653.00
5 8 3545.00
5 9 708.00
5 10 1298.00
5 11 1342.00
5 12 3451.00
5 13 347.00
5 14 1126.00
5 15 1989.00
5 16 250.00
5 17 2736.00
5 18 138.00
5 19 3786.00
5 20 888.00
5 21 1452.00
5 22 1671.00
5 23 2336.00
5 24 3431.00
5 25 124.00
5 26 1165.00
5 27 189.00
5 28 640.00
5 29 3110.00
5 30 4341.00
5 31 3603.00
5 32 489.00
5 33 855.00
5 34 730.00
5 35 364.00
5 36 598.00
5 37 3440.00
5 38 841.00
5 39 3316.00
5 40 919.00
5 41 3974.00
5 42 1063.00
5 43 2620.00
5 44 940.00
5 45 1090.00
5 46 722.00
5 47 921.00
5 48 761.00
5 49 3866.00
5 50 652.00
5 51 754.00
5 52 3430.00
5 53 1096.00
5 54 1191.00
5 55 1232.00
5 56 1582.00
5 57 2098.00
6 0 6002.00
6 1 4645.00
6 2 4588.00
6 3 6083.00
6 4 4746.00
6 5 5126.00
6 7 4267.00
6 8 6553.00
6 9 4826.00
6 10 3830.00
6 11 5951.00
6 12 6417.00
6 13 5423.00
6 14 6089.00
6 15 3142.00
6 16 4876.00
6 17 5676.00
6 18 5181.00
6 19 6678.00
6 20 4720.00
6 21 4074.00
6 22 5071.00
6 23 5724.00
6 24 6675.00
6 25 5000.00
6 26 4993.00
6 27 5221.00
6 28 4494.00
6 29 6265.00
6 30 785.00
6 31 6776.00
6 32 5265.00
6 33 5756.00
6 34 4628.00
6 35 4747.00
6 36 5511.00
6 37 1686.00
6 38 4276.00
6 39 6472.00
6 40 4447.00
6 41 2230.00
6 42 5167.00
6 43 5784.00
6 44 5561.00
6 45 5891.00
6 46 4902.00
6 47 4353.00
6 48 4922.00
6 49 6480.00
6 50 4759.00
6 51 4771.00
6 52 6044.00
6 53 4299.00
6 54 4199.00
6 55 5830.00
6 56 5271.00
6 57 5404.00
7 0 1743.00
7 1 693.00
7 2 922.00
7 3 2120.00
7 4 716.00
7 5 1653.00
7 6 4267.00
7 8 2296.00
7 9 923.00
7 10 1175.00
7 11 1282.00
7 12 2162.00
7 13 1906.00
7 14 2559.00
7 15 1133.00
7 16 1352.00
7 17 1422.00
7 18 1651.00
7 19 2423.00
7 20 1588.00
7 21 209.00
7 22 1030.00
7 23 1461.00
7 24 2420.00
7 25 1538.00
7 26 965.00
7 27 1716.00
7 28 1112.00
7 29 2010.00
7 30 3482.00
7 31 2521.00
7 32 1839.00
7 33 2288.00
7 34 1000.00
7 35 1289.00
7 36 2039.00
7 37 2551.00
7 38 955.00
7 39 2217.00
7 40 715.00
7 41 3125.00
7 42 1145.00
7 43 1529.00
7 44 2131.00
7 45 2466.00
7 46 1087.00
7 47 718.00
7 48 1083.00
7 49 2225.00
7 50 1015.00
7 51 960.00
7 52 1789.00
7 53 537.00
7 54 436.00
7 55 2400.00
7 56 1238.00
7 57 1199.00
8 0 594.00
8 1 2889.00
8 2 2991.00
8 3 2040.00
8 4 2223.00
8 5 3545.00
8 6 6553.00
8 7 2296.00
8 9 2869.00
8 10 3459.00
8 11 2366.00
8 12 147.00
8 13 3741.00
8 14 4399.00
8 15 3417.00
8 16 3163.00
8 17 924.00
8 18 3462.00
8 19 681.00
8 20 3734.00
8 21 2493.00
8 22 1934.00
8 23 1377.00
8 24 130.00
8 25 3402.00
8 26 2449.00
8 27 3531.00
8 28 3219.00
8 29 343.00
8 30 5766.00
8 31 228.00
8 32 3724.00
8 33 4128.00
8 34 2883.00
8 35 3277.00
8 36 3870.00
8 37 4835.00
8 38 3214.00
8 39 184.00
8 40 2746.00
8 41 4875.00
8 42 2492.00
8 43 925.00
8 44 4017.00
8 45 4362.00
8 46 2985.00
8 47 2973.00
8 48 2831.00
8 49 1544.00
8 50 2913.00
8 51 2891.00
8 52 1103.00
8 53 2717.00
8 54 2655.00
8 55 4504.00
8 56 1972.00
8 57 1447.00
9 0 2182.00
9 1 287.00
9 2 217.00
9 3 2844.00
9 4 584.00
9 5 708.00
9 6 4826.00
9 7 923.00
9 8 2869.00
9 10 1004.00
9 11 781.00
9 12 2793.00
9 13 1036.00
9 14 1694.00
9 15 1694.00
9 16 458.00
9 17 1844.00
9 18 757.00
9 19 3125.00
9 20 1096.00
9 21 827.00
9 22 908.00
9 23 1702.00
9 24 2773.00
9 25 587.00
9 26 844.00
9 27 826.00
9 28 455.00
9 29 2453.00
9 30 4041.00
9 31 2945.00
9 32 1019.00
9 33 1423.00
9 34 75.00
9 35 572.00
9 36 1165.00
9 37 3140.00
9 38 560.00
9 39 2658.00
9 40 227.00
9 41 3674.00
9 42 502.00
9 43 1944.00
9 44 1312.00
9 45 1650.00
9 46 170.00
9 47 383.00
9 48 169.00
9 49 3136.00
9 50 98.00
9 51 80.00
9 52 2700.00
9 53 411.00
9 54 508.00
9 55 1584.00
9 56 948.00
9 57 1435.00
10 0 2906.00
10 1 772.00
10 2 760.00
10 3 2973.00
10 4 1442.00
10 5 1298.00
10 6 3830.00
10 7 1175.00
10 8 3459.00
10 9 1004.00
10 11 2128.00
10 12 3322.00
10 13 1609.00
10 14 2266.00
10 15 693.00
10 16 1041.00
10 17 2585.00
10 18 1353.00
10 19 3586.00
10 20 887.00
10 21 974.00
10 22 2553.00
10 23 2624.00
10 24 3583.00
10 25 1177.00
10 26 1488.00
10 27 1398.00
10 28 673.00
10 29 3173.00
10 30 3045.00
10 31 3684.00
10 32 1444.00
10 33 1935.00
10 34 941.00
10 35 926.00
10 36 1686.00
10 37 2149.00
10 38 455.00
10 39 3380.00
10 40 894.00
10 41 2688.00
10 42 1433.00
10 43 2692.00
10 44 1740.00
10 45 2070.00
10 46 1081.00
10 47 696.00
10 48 1101.00
10 49 3388.00
10 50 1009.00
10 51 950.00
10 52 2952.00
10 53 1063.00
10 54 964.00
10 55 2009.00
10 56 1972.00
10 57 2286.00
11 0 1658.00
11 1 1135.00
11 2 1050.00
11 3 3937.00
11 4 694.00
11 5 1342.00
11 6 5951.00
11 7 1282.00
11 8 2366.00
11 9 781.00
11 10 2128.00
11 12 2265.00
11 13 1695.00
11 14 2353.00
11 15 2819.00
11 16 1117.00
11 17 1557.00
11 18 1416.00
11 19 2636.00
11 20 1755.00
11 21 1608.00
11 22 456.00
11 23 1002.00
11 24 2245.00
11 25 1246.00
11 26 257.00
11 27 1485.00
11 28 1225.00
11 29 1925.00
11 30 5166.00
11 31 2417.00
11 32 1678.00
11 33 2082.00
11 34 871.00
11 35 1231.00
11 36 1824.00
11 37 4265.00
11 38 1290.00
11 39 2130.00
11 40 1019.00
11 41 4799.00
11 42 279.00
11 43 1441.00
11 44 1971.00
11 45 2309.00
11 46 772.00
11 47 1148.00
11 48 618.00
11 49 2844.00
11 50 700.00
11 51 802.00
11 52 2413.00
11 53 1188.00
11 54 1248.00
11 55 2243.00
11 56 248.00
11 57 1210.00
12 0 464.00
12 1 2875.00
12 2 2915.00
12 3 1958.00
12 4 2089.00
12 5 3451.00
12 6 6417.00
12 7 2162.00
12 8 147.00
12 9 2793.00
12 10 3322.00
12 11 2265.00
12 13 3607.00
12 14 4265.00
12 15 3283.00
12 16 3029.00
12 17 931.00
12 18 3328.00
12 19 817.00
12 20 3600.00
12 21 2359.00
12 22 1876.00
12 23 1267.00
12 24 200.00
12 25 3158.00
12 26 2339.00
12 27 3397.00
12 28 3120.00
12 29 211.00
12 30 5632.00
12 31 366.00
12 32 3590.00
12 33 4004.00
12 34 2766.00
12 35 3134.00
12 36 3736.00
12 37 4701.00
12 38 3185.00
12 39 135.00
12 40 2914.00
12 41 5274.00
12 42 2267.00
12 43 815.00
12 44 3883.00
12 45 4221.00
12 46 2667.00
12 47 3043.00
12 48 2606.00
12 49 1451.00
12 50 2595.00
12 51 2697.00
12 52 1011.00
12 53 2563.00
12 54 2623.00
12 55 4155.00
12 56 1834.00
12 57 1337.00
13 0 3334.00
13 1 1424.00
13 2 1119.00
13 3 3710.00
13 4 1577.00
13 5 347.00
13 6 5423.00
13 7 1906.00
13 8 3741.00
13 9 1036.00
13 10 1609.00
13 11 1695.00
13 12 3607.00
13 14 665.00
13 15 2300.00
13 16 578.00
13 17 2845.00
13 18 474.00
13 19 4116.00
13 20 1216.00
13 21 1705.00
13 22 1901.00
13 23 2693.00
13 24 3848.00
13 25 652.00
13 26 1480.00
13 27 224.00
13 28 968.00
13 29 3547.00
13 30 4648.00
13 31 4020.00
13 32 176.00
13 33 394.00
13 34 1153.00
13 35 692.00
13 36 137.00
13 37 3752.00
13 38 1169.00
13 39 3744.00
13 40 1301.00
13 41 4291.00
13 42 1420.00
13 43 3047.00
13 44 479.00
13 45 629.00
13 46 1059.00
13 47 1249.00
13 48 1079.00
13 49 4119.00
13 50 982.00
13 51 967.00
13 52 3683.00
13 53 1424.00
13 54 1421.00
13 55 771.00
13 56 1939.00
13 57 2901.00
14 0 3987.00
14 1 2185.00
14 2 1776.00
14 3 4363.00
14 4 2230.00
14 5 1126.00
14 6 6089.00
14 7 2559.00
14 8 4399.00
14 9 1694.00
14 10 2266.00
14 11 2353.00
14 12 4265.00
14 13 665.00
14 15 2957.00
14 16 1236.00
14 17 3706.00
14 18 992.00
14 19 4774.00
14 20 1471.00
14 21 2358.00
14 22 2654.00
14 23 3346.00
14 24 4589.00
14 25 1177.00
14 26 2151.00
14 27 887.00
14 28 1564.00
14 29 4099.00
14 30 5304.00
14 31 4591.00
14 32 818.00
14 33 262.00
14 34 1716.00
14 35 1350.00
14 36 528.00
14 37 4408.00
14 38 1827.00
14 39 4306.00
14 40 1905.00
14 41 4947.00
14 42 2073.00
14 43 3590.00
14 44 562.00
14 45 607.00
14 46 1717.00
14 47 2093.00
14 48 1742.00
14 49 4772.00
14 50 1645.00
14 51 1747.00
14 52 4036.00
14 53 2082.00
14 54 2179.00
14 55 760.00
14 56 2592.00
14 57 3554.00
15 0 2870.00
15 1 1193.00
15 2 1451.00
15 3 2941.00
15 4 1609.00
15 5 1989.00
15 6 3142.00
15 7 1133.00
15 8 3417.00
15 9 1694.00
15 10 693.00
15 11 2819.00
15 12 3283.00
15 13 2300.00
15 14 2957.00
15 16 1734.00
15 17 2543.00
15 18 2044.00
15 19 3544.00
15 20 1578.00
15 21 932.00
15 22 1939.00
15 23 2582.00
15 24 3304.00
15 25 1868.00
15 26 1861.00
15 27 2089.00
15 28 1362.00
15 29 3131.00
15 30 2357.00
15 31 3642.00
15 32 2133.00
15 33 2624.00
15 34 1491.00
15 35 1615.00
15 36 2379.00
15 37 1456.00
15 38 1144.00
15 39 3338.00
15 40 1310.00
15 41 1990.00
15 42 2035.00
15 43 2650.00
15 44 2429.00
15 45 2759.00
15 46 1770.00
15 47 1216.00
15 48 1790.00
15 49 3346.00
15 50 1622.00
15 51 1639.00
15 52 2910.00
15 53 1162.00
15 54 1062.00
15 55 2698.00
15 56 2139.00
15 57 2278.00
16 0 2601.00
16 1 846.00
16 2 5410.00
16 3 3207.00
16 4 1003.00
16 5 250.00
16 6 4876.00
16 7 1352.00
16 8 3163.00
16 9 458.00
16 10 1041.00
16 11 1117.00
16 12 3029.00
16 13 578.00
16 14 1236.00
16 15 1734.00
16 17 2267.00
16 18 300.00
16 19 3542.00
16 20 638.00
16 21 1202.00
16 22 1328.00
16 23 2094.00
16 24 3187.00
16 25 129.00
16 26 915.00
16 27 368.00
16 28 390.00
16 29 2866.00
16 30 4091.00
16 31 3359.00
16 32 561.00
16 33 965.00
16 34 480.00
16 35 114.00
16 36 711.00
16 37 3190.00
16 38 591.00
16 39 3072.00
16 40 669.00
16 41 3724.00
16 42 846.00
16 43 2379.00
16 44 854.00
16 45 1192.00
16 46 392.00
16 47 671.00
16 48 511.00
16 49 3565.00
16 50 408.00
16 51 388.00
16 52 3129.00
16 53 846.00
16 54 950.00
16 55 1126.00
16 56 1347.00
16 57 1860.00
17 0 330.00
17 1 2142.00
17 2 2182.00
17 3 1991.00
17 4 1260.00
17 5 2736.00
17 6 5676.00
17 7 1422.00
17 8 924.00
17 9 1844.00
17 10 2585.00
17 11 1557.00
17 12 931.00
17 13 2845.00
17 14 3706.00
17 15 2543.00
17 16 2267.00
17 18 2566.00
17 19 1273.00
17 20 2905.00
17 21 1619.00
17 22 1175.00
17 23 564.00
17 24 1068.00
17 25 2600.00
17 26 1638.00
17 27 2841.00
17 28 2470.00
17 29 770.00
17 30 5113.00
17 31 1240.00
17 32 3039.00
17 33 3433.00
17 34 2134.00
17 35 2580.00
17 36 3184.00
17 37 4182.00
17 38 2465.00
17 39 953.00
17 40 1997.00
17 41 4756.00
17 42 1834.00
17 43 114.00
17 44 3335.00
17 45 3670.00
17 46 2388.00
17 47 2349.00
17 48 1984.00
17 49 1715.00
17 50 2068.00
17 51 2074.00
17 52 1284.00
17 53 1968.00
17 54 2031.00
17 55 3604.00
17 56 1340.00
17 57 636.00
18 0 3049.00
18 1 1127.00
18 2 846.00
18 3 3512.00
18 4 1297.00
18 5 138.00
18 6 5181.00
18 7 1651.00
18 8 3462.00
18 9 757.00
18 10 1353.00
18 11 1416.00
18 12 3328.00
18 13 474.00
18 14 992.00
18 15 2044.00
18 16 300.00
18 17 2566.00
18 19 3841.00
18 20 945.00
18 21 1507.00
18 22 1627.00
18 23 2393.00
18 24 3486.00
18 25 178.00
18 26 1214.00
18 27 254.00
18 28 652.00
18 29 3165.00
18 30 4396.00
18 31 3658.00
18 32 531.00
18 33 730.00
18 34 1079.00
18 35 374.00
18 36 476.00
18 37 3495.00
18 38 856.00
18 39 3371.00
18 40 968.00
18 41 4029.00
18 42 1140.00
18 43 2678.00
18 44 806.00
18 45 960.00
18 46 691.00
18 47 978.00
18 48 810.00
18 49 3864.00
18 50 707.00
18 51 687.00
18 52 3428.00
18 53 1145.00
18 54 1249.00
18 55 1096.00
18 56 1646.00
18 57 2159.00
19 0 1302.00
19 1 3104.00
19 2 3333.00
19 3 1571.00
19 4 2535.00
19 5 3786.00
19 6 6678.00
19 7 2423.00
19 8 681.00
19 9 3125.00
19 10 3586.00
19 11 2636.00
19 12 817.00
19 13 4116.00
19 14 4774.00
19 15 3544.00
19 16 3542.00
19 17 1273.00
19 18 3841.00
19 20 3998.00
19 21 2620.00
19 22 2217.00
19 23 1647.00
19 24 693.00
19 25 3665.00
19 26 2676.00
19 27 3906.00
19 28 3487.00
19 29 1052.00
19 30 5893.00
19 31 537.00
19 32 4108.00
19 33 4503.00
19 34 3201.00
19 35 3635.00
19 36 4249.00
19 37 4962.00
19 38 3366.00
19 39 800.00
19 40 3064.00
19 41 5536.00
19 42 2804.00
19 43 1385.00
19 44 4401.00
19 45 4739.00
19 46 3199.00
19 47 3129.00
19 48 3032.00
19 49 1070.00
19 50 3122.00
19 51 3209.00
19 52 634.00
19 53 2948.00
19 54 2846.00
19 55 4673.00
19 56 2395.00
19 57 1681.00
20 0 3399.00
20 1 1484.00
20 2 578.00
20 3 3392.00
20 4 1511.00
20 5 888.00
20 6 4720.00
20 7 1588.00
20 8 3734.00
20 9 1096.00
20 10 887.00
20 11 1755.00
20 12 3600.00
20 13 1216.00
20 14 1471.00
20 15 1578.00
20 16 638.00
20 17 2905.00
20 18 945.00
20 19 3998.00
20 21 1383.00
20 22 1835.00
20 23 2627.00
20 24 3846.00
20 25 767.00
20 26 1771.00
20 27 788.00
20 28 520.00
20 29 3380.00
20 30 3925.00
20 31 3872.00
20 32 938.00
20 33 1200.00
20 34 842.00
20 35 524.00
20 36 943.00
20 37 3024.00
20 38 607.00
20 39 3585.00
20 40 892.00
20 41 3558.00
20 42 1470.00
20 43 2871.00
20 44 1288.00
20 45 1438.00
20 46 1118.00
20 47 742.00
20 48 1143.00
20 49 3801.00
20 50 1046.00
20 51 976.00
20 52 3365.00
20 53 1076.00
20 54 1174.00
20 55 1185.00
20 56 1989.00
20 57 2951.00
21 0 1946.00
21 1 490.00
21 2 721.00
21 3 2013.00
21 4 908.00
21 5 1452.00
21 6 4074.00
21 7 209.00
21 8 2493.00
21 9 827.00
21 10 974.00
21 11 1608.00
21 12 2359.00
21 13 1705.00
21 14 2358.00
21 15 932.00
21 16 1202.00
21 17 1619.00
21 18 1507.00
21 19 2620.00
21 20 1383.00
21 22 1238.00
21 23 1612.00
21 24 2617.00
21 25 1332.00
21 26 1174.00
21 27 1495.00
21 28 875.00
21 29 2211.00
21 30 3289.00
21 31 2718.00
21 32 1634.00
21 33 2087.00
21 34 774.00
21 35 1109.00
21 36 1838.00
21 37 2388.00
21 38 754.00
21 39 2414.00
21 40 607.00
21 41 2922.00
21 42 1348.00
21 43 1726.00
21 44 1930.00
21 45 2265.00
21 46 991.00
21 47 517.00
21 48 983.00
21 49 2422.00
21 50 919.00
21 51 880.00
21 52 1986.00
21 53 459.00
21 54 359.00
21 55 2199.00
21 56 1438.00
21 57 1350.00
22 0 1278.00
22 1 990.00
22 2 1030.00
22 3 2922.00
22 4 324.00
22 5 1671.00
22 6 5071.00
22 7 1030.00
22 8 1934.00
22 9 908.00
22 10 2553.00
22 11 456.00
22 12 1876.00
22 13 1901.00
22 14 2654.00
22 15 1939.00
22 16 1328.00
22 17 1175.00
22 18 1627.00
22 19 2217.00
22 20 1835.00
22 21 1238.00
22 23 801.00
22 24 1865.00
22 25 1450.00
22 26 554.00
22 27 2243.00
22 28 1546.00
22 29 1545.00
22 30 4286.00
22 31 2037.00
22 32 1889.00
22 33 2293.00
22 34 984.00
22 35 1542.00
22 36 2040.00
22 37 3385.00
22 38 1315.00
22 39 1750.00
22 40 847.00
22 41 3919.00
22 42 600.00
22 43 1061.00
22 44 2182.00
22 45 2510.00
22 46 1093.00
22 47 1074.00
22 48 887.00
22 49 2425.00
22 50 1021.00
22 51 992.00
22 52 1994.00
22 53 818.00
22 54 881.00
22 55 2454.00
22 56 432.00
22 57 1394.00
23 0 669.00
23 1 1950.00
23 2 1990.00
23 3 2368.00
23 4 1116.00
23 5 2336.00
23 6 5724.00
23 7 1461.00
23 8 1377.00
23 9 1702.00
23 10 2624.00
23 11 1002.00
23 12 1267.00
23 13 2693.00
23 14 3346.00
23 15 2582.00
23 16 2094.00
23 17 564.00
23 18 2393.00
23 19 1647.00
23 20 2627.00
23 21 1612.00
23 22 801.00
23 24 1256.00
23 25 2083.00
23 26 1252.00
23 27 2324.00
23 28 2058.00
23 29 936.00
23 30 4929.00
23 31 1428.00
23 32 2517.00
23 33 2686.00
23 34 1841.00
23 35 2057.00
23 36 2806.00
23 37 4038.00
23 38 2123.00
23 39 1141.00
23 40 1849.00
23 41 4572.00
23 42 1275.00
23 43 452.00
23 44 2805.00
23 45 3143.00
23 46 1610.00
23 47 2020.00
23 48 1612.00
23 49 1869.00
23 50 1542.00
23 51 1642.00
23 52 1422.00
23 53 1748.00
23 54 1811.00
23 55 3082.00
23 56 754.00
23 57 259.00
24 0 627.00
24 1 2855.00
24 2 2895.00
24 3 2170.00
24 4 2183.00
24 5 3431.00
24 6 6675.00
24 7 2420.00
24 8 130.00
24 9 2773.00
24 10 3583.00
24 11 2245.00
24 12 200.00
24 13 3848.00
24 14 4589.00
24 15 3304.00
24 16 3187.00
24 17 1068.00
24 18 3486.00
24 19 693.00
24 20 3846.00
24 21 2617.00
24 22 1865.00
24 23 1256.00
24 25 3310.00
24 26 2324.00
24 27 3551.00
24 28 3185.00
24 29 372.00
24 30 5890.00
24 31 190.00
24 32 3754.00
24 33 4148.00
24 34 2849.00
24 35 3295.00
24 36 3899.00
24 37 4959.00
24 38 3180.00
24 39 125.00
24 40 2712.00
24 41 5533.00
24 42 2524.00
24 43 954.00
24 44 4050.00
24 45 4385.00
24 46 2836.00
24 47 2939.00
24 48 2644.00
24 49 1669.00
24 50 2764.00
24 51 2857.00
24 52 1233.00
24 53 2683.00
24 54 2746.00
24 55 4319.00
24 56 2004.00
24 57 1326.00
25 0 2878.00
25 1 975.00
25 2 670.00
25 3 3336.00
25 4 1126.00
25 5 124.00
25 6 5000.00
25 7 1538.00
25 8 3402.00
25 9 587.00
25 10 1177.00
25 11 1246.00
25 12 3158.00
25 13 652.00
25 14 1177.00
25 15 1868.00
25 16 129.00
25 17 2600.00
25 18 178.00
25 19 3665.00
25 20 767.00
25 21 1332.00
25 22 1450.00
25 23 2083.00
25 24 3310.00
25 26 1044.00
25 27 432.00
25 28 519.00
25 29 2995.00
25 30 4215.00
25 31 3487.00
25 32 709.00
25 33 908.00
25 34 609.00
25 35 243.00
25 36 639.00
25 37 3314.00
25 38 720.00
25 39 3200.00
25 40 798.00
25 41 3848.00
25 42 969.00
25 43 2486.00
25 44 984.00
25 45 1138.00
25 46 528.00
25 47 800.00
25 48 640.00
25 49 3751.00
25 50 536.00
25 51 517.00
25 52 3315.00
25 53 975.00
25 54 1078.00
25 55 1274.00
25 56 1329.00
25 57 1189.00
26 0 1737.00
26 1 926.00
26 2 835.00
26 3 3503.00
26 4 260.00
26 5 1165.00
26 6 4993.00
26 7 965.00
26 8 2449.00
26 9 844.00
26 10 1488.00
26 11 257.00
26 12 2339.00
26 13 1480.00
26 14 2151.00
26 15 1861.00
26 16 915.00
26 17 1638.00
26 18 1214.00
26 19 2676.00
26 20 1771.00
26 21 1174.00
26 22 554.00
26 23 1252.00
26 24 2324.00
26 25 1044.00
26 27 1275.00
26 28 1023.00
26 29 2004.00
26 30 4208.00
26 31 2496.00
26 32 1468.00
26 33 1637.00
26 34 669.00
26 35 1022.00
26 36 1627.00
26 37 3307.00
26 38 1088.00
26 39 2209.00
26 40 783.00
26 41 3841.00
26 42 184.00
26 43 1524.00
26 44 1756.00
26 45 2094.00
26 46 570.00
26 47 946.00
26 48 523.00
26 49 3178.00
26 50 498.00
26 51 600.00
26 52 2742.00
26 53 754.00
26 54 817.00
26 55 2033.00
26 56 498.00
26 57 1460.00
27 0 3124.00
27 1 1214.00
27 2 909.00
27 3 3500.00
27 4 1367.00
27 5 189.00
27 6 5221.00
27 7 1716.00
27 8 3531.00
27 9 826.00
27 10 1398.00
27 11 1485.00
27 12 3397.00
27 13 224.00
27 14 887.00
27 15 2089.00
27 16 368.00
27 17 2841.00
27 18 254.00
27 19 3906.00
27 20 788.00
27 21 1495.00
27 22 2243.00
27 23 2324.00
27 24 3551.00
27 25 432.00
27 26 1275.00
27 28 758.00
27 29 3236.00
27 30 4436.00
27 31 4225.00
27 32 283.00
27 33 606.00
27 34 848.00
27 35 482.00
27 36 359.00
27 37 3535.00
27 38 959.00
27 39 3441.00
27 40 1037.00
27 41 4069.00
27 42 1210.00
27 43 2727.00
27 44 701.00
27 45 851.00
27 46 702.00
27 47 1039.00
27 48 879.00
27 49 3929.00
27 50 777.00
27 51 756.00
27 52 3493.00
27 53 1214.00
27 54 1311.00
27 55 1494.00
27 56 1570.00
27 57 2532.00
28 0 2878.00
28 1 599.00
28 2 287.00
28 3 2884.00
28 4 996.00
28 5 640.00
28 6 4494.00
28 7 1112.00
28 8 3219.00
28 9 455.00
28 10 673.00
28 11 1225.00
28 12 3120.00
28 13 968.00
28 14 1564.00
28 15 1362.00
28 16 390.00
28 17 2470.00
28 18 652.00
28 19 3487.00
28 20 520.00
28 21 875.00
28 22 1546.00
28 23 2058.00
28 24 3185.00
28 25 519.00
28 26 1023.00
28 27 758.00
28 29 2865.00
28 30 3709.00
28 31 3036.00
28 32 478.00
28 33 1293.00
28 34 354.00
28 35 274.00
28 36 1036.00
28 37 2808.00
28 38 366.00
28 39 3070.00
28 40 447.00
28 41 3342.00
28 42 949.00
28 43 2356.00
28 44 708.00
28 45 837.00
28 46 577.00
28 47 367.00
28 48 623.00
28 49 3325.00
28 50 525.00
28 51 523.00
28 52 2889.00
28 53 631.00
28 54 728.00
28 55 1635.00
28 56 1304.00
28 57 2266.00
29 0 307.00
29 1 2535.00
29 2 2575.00
29 3 2109.00
29 4 1863.00
29 5 3110.00
29 6 6265.00
29 7 2010.00
29 8 343.00
29 9 2453.00
29 10 3173.00
29 11 1925.00
29 12 211.00
29 13 3547.00
29 14 4099.00
29 15 3131.00
29 16 2866.00
29 17 770.00
29 18 3165.00
29 19 1052.00
29 20 3380.00
29 21 2211.00
29 22 1545.00
29 23 936.00
29 24 372.00
29 25 2995.00
29 26 2004.00
29 27 3236.00
29 28 2865.00
29 30 5480.00
29 31 549.00
29 32 3434.00
29 33 3828.00
29 34 2529.00
29 35 2975.00
29 36 3579.00
29 37 4549.00
29 38 2860.00
29 39 257.00
29 40 2392.00
29 41 5123.00
29 42 2204.00
29 43 656.00
29 44 3730.00
29 45 4065.00
29 46 2527.00
29 47 2619.00
29 48 2354.00
29 49 1608.00
29 50 2444.00
29 51 2537.00
29 52 1172.00
29 53 2406.00
29 54 2305.00
29 55 3999.00
29 56 1684.00
29 57 1006.00
30 0 5217.00
30 1 3860.00
30 2 3803.00
30 3 5298.00
30 4 3961.00
30 5 4341.00
30 6 785.00
30 7 3482.00
30 8 5766.00
30 9 4041.00
30 10 3045.00
30 11 5166.00
30 12 5632.00
30 13 4648.00
30 14 5304.00
30 15 2357.00
30 16 4091.00
30 17 5113.00
30 18 4396.00
30 19 5893.00
30 20 3925.00
30 21 3289.00
30 22 4286.00
30 23 4929.00
30 24 5890.00
30 25 4215.00
30 26 4208.00
30 27 4436.00
30 28 3709.00
30 29 5480.00
30 31 5991.00
30 32 4480.00
30 33 4971.00
30 34 3843.00
30 35 3962.00
30 36 4791.00
30 37 901.00
30 38 3491.00
30 39 5687.00
30 40 3662.00
30 41 1445.00
30 42 4615.00
30 43 4999.00
30 44 4776.00
30 45 5106.00
30 46 4117.00
30 47 3568.00
30 48 4137.00
30 49 5695.00
30 50 3969.00
30 51 3986.00
30 52 5259.00
30 53 3514.00
30 54 3414.00
30 55 5045.00
30 56 4708.00
30 57 4619.00
31 0 799.00
31 1 3027.00
31 2 3067.00
31 3 2108.00
31 4 2355.00
31 5 3603.00
31 6 6776.00
31 7 2521.00
31 8 228.00
31 9 2945.00
31 10 3684.00
31 11 2417.00
31 12 366.00
31 13 4020.00
31 14 4591.00
31 15 3642.00
31 16 3359.00
31 17 1240.00
31 18 3658.00
31 19 537.00
31 20 3872.00
31 21 2718.00
31 22 2037.00
31 23 1428.00
31 24 190.00
31 25 3487.00
31 26 2496.00
31 27 4225.00
31 28 3036.00
31 29 549.00
31 30 5991.00
31 32 3926.00
31 33 4320.00
31 34 3021.00
31 35 3467.00
31 36 4171.00
31 37 5060.00
31 38 3352.00
31 39 297.00
31 40 2884.00
31 41 5634.00
31 42 2696.00
31 43 1126.00
31 44 4222.00
31 45 4557.00
31 46 3008.00
31 47 3114.00
31 48 2846.00
31 49 1607.00
31 50 2936.00
31 51 3162.00
31 52 1171.00
31 53 2855.00
31 54 2918.00
31 55 4491.00
31 56 2176.00
31 57 1498.00
32 0 3305.00
32 1 1407.00
32 2 1102.00
32 3 3643.00
32 4 1565.00
32 5 489.00
32 6 5265.00
32 7 1839.00
32 8 3724.00
32 9 1019.00
32 10 1444.00
32 11 1678.00
32 12 3590.00
32 13 176.00
32 14 818.00
32 15 2133.00
32 16 561.00
32 17 3039.00
32 18 531.00
32 19 4108.00
32 20 938.00
32 21 1634.00
32 22 1889.00
32 23 2517.00
32 24 3754.00
32 25 709.00
32 26 1468.00
32 27 283.00
32 28 478.00
32 29 3434.00
32 30 4480.00
32 31 3926.00
32 33 547.00
32 34 1041.00
32 35 675.00
32 36 290.00
32 37 3579.00
32 38 1152.00
32 39 3639.00
32 40 1230.00
32 41 4113.00
32 42 1402.00
32 43 2925.00
32 44 213.00
32 45 435.00
32 46 802.00
32 47 1232.00
32 48 1072.00
32 49 4052.00
32 50 970.00
32 51 949.00
32 52 3616.00
32 53 1407.00
32 54 1511.00
32 55 413.00
32 56 1763.00
32 57 2725.00
33 0 3716.00
33 1 1811.00
33 2 1505.00
33 3 4092.00
33 4 1959.00
33 5 855.00
33 6 5756.00
33 7 2288.00
33 8 4128.00
33 9 1423.00
33 10 1935.00
33 11 2082.00
33 12 4004.00
33 13 394.00
33 14 262.00
33 15 2624.00
33 16 965.00
33 17 3433.00
33 18 730.00
33 19 4503.00
33 20 1200.00
33 21 2087.00
33 22 2293.00
33 23 2686.00
33 24 4148.00
33 25 908.00
33 26 1637.00
33 27 606.00
33 28 1293.00
33 29 3828.00
33 30 4971.00
33 31 4320.00
33 32 547.00
33 34 1444.00
33 35 1016.00
33 36 257.00
33 37 4002.00
33 38 1493.00
33 39 4041.00
33 40 1638.00
33 41 4604.00
33 42 1802.00
33 43 3319.00
33 44 354.00
33 45 229.00
33 46 1356.00
33 47 1849.00
33 48 1475.00
33 49 4501.00
33 50 1139.00
33 51 1352.00
33 52 4065.00
33 53 1839.00
33 54 1931.00
33 55 300.00
33 56 1932.00
33 57 2899.00
34 0 2251.00
34 1 359.00
34 2 158.00
34 3 2934.00
34 4 660.00
34 5 730.00
34 6 4628.00
34 7 1000.00
34 8 2883.00
34 9 75.00
34 10 941.00
34 11 871.00
34 12 2766.00
34 13 1153.00
34 14 1716.00
34 15 1491.00
34 16 480.00
34 17 2134.00
34 18 1079.00
34 19 3201.00
34 20 842.00
34 21 774.00
34 22 984.00
34 23 1841.00
34 24 2849.00
34 25 609.00
34 26 669.00
34 27 848.00
34 28 354.00
34 29 2529.00
34 30 3843.00
34 31 3021.00
34 32 1041.00
34 33 1444.00
34 35 594.00
34 36 1187.00
34 37 2942.00
34 38 329.00
34 39 2734.00
34 40 148.00
34 41 3476.00
34 42 567.00
34 43 2020.00
34 44 1335.00
34 45 1672.00
34 46 243.00
34 47 287.00
34 48 268.00
34 49 3213.00
34 50 171.00
34 51 107.00
34 52 2777.00
34 53 315.00
34 54 419.00
34 55 1606.00
34 56 1087.00
34 57 2049.00
35 0 2878.00
35 1 1060.00
35 2 439.00
35 3 3093.00
35 4 1106.00
35 5 364.00
35 6 4747.00
35 7 1289.00
35 8 3277.00
35 9 572.00
35 10 926.00
35 11 1231.00
35 12 3134.00
35 13 692.00
35 14 1350.00
35 15 1615.00
35 16 114.00
35 17 2580.00
35 18 374.00
35 19 3635.00
35 20 524.00
35 21 1109.00
35 22 1542.00
35 23 2057.00
35 24 3295.00
35 25 243.00
35 26 1022.00
35 27 482.00
35 28 274.00
35 29 2975.00
35 30 3962.00
35 31 3467.00
35 32 675.00
35 33 1016.00
35 34 594.00
35 36 759.00
35 37 3061.00
35 38 705.00
35 39 3180.00
35 40 635.00
35 41 3595.00
35 42 971.00
35 43 2466.00
35 44 968.00
35 45 1306.00
35 46 506.00
35 47 705.00
35 48 625.00
35 49 3502.00
35 50 524.00
35 51 502.00
35 52 3066.00
35 53 960.00
35 54 1064.00
35 55 1240.00
35 56 1303.00
35 57 1974.00
36 0 3467.00
36 1 1557.00
36 2 1248.00
36 3 3843.00
36 4 1710.00
36 5 598.00
36 6 5511.00
36 7 2039.00
36 8 3870.00
36 9 1165.00
36 10 1686.00
36 11 1824.00
36 12 3736.00
36 13 137.00
36 14 528.00
36 15 2379.00
36 16 711.00
36 17 3184.00
36 18 476.00
36 19 4249.00
36 20 943.00
36 21 1838.00
36 22 2040.00
36 23 2806.00
36 24 3899.00
36 25 639.00
36 26 1627.00
36 27 359.00
36 28 1036.00
36 29 3579.00
36 30 4791.00
36 31 4171.00
36 32 290.00
36 33 257.00
36 34 1187.00
36 35 759.00
36 37 3825.00
36 38 1236.00
36 39 3784.00
36 40 1381.00
36 41 4359.00
36 42 1553.00
36 43 3070.00
36 44 342.00
36 45 492.00
36 46 1099.00
36 47 1592.00
36 48 1218.00
36 49 4252.00
36 50 1115.00
36 51 1095.00
36 52 3816.00
36 53 1560.00
36 54 1672.00
36 55 634.00
36 56 1908.00
36 57 2570.00
37 0 4316.00
37 1 2959.00
37 2 2902.00
37 3 4391.00
37 4 3060.00
37 5 3440.00
37 6 1686.00
37 7 2551.00
37 8 4835.00
37 9 3140.00
37 10 2149.00
37 11 4265.00
37 12 4701.00
37 13 3752.00
37 14 4408.00
37 15 1456.00
37 16 3190.00
37 17 4182.00
37 18 3495.00
37 19 4962.00
37 20 3024.00
37 21 2388.00
37 22 3385.00
37 23 4038.00
37 24 4959.00
37 25 3314.00
37 26 3307.00
37 27 3535.00
37 28 2808.00
37 29 4549.00
37 30 901.00
37 31 5060.00
37 32 3579.00
37 33 4002.00
37 34 2942.00
37 35 3061.00
37 36 3825.00
37 38 2590.00
37 39 4848.00
37 40 2761.00
37 41 544.00
37 42 3481.00
37 43 4068.00
37 44 3875.00
37 45 4505.00
37 46 3145.00
37 47 2667.00
37 48 3236.00
37 49 4764.00
37 50 3073.00
37 51 3083.00
37 52 4328.00
37 53 2613.00
37 54 2513.00
37 55 4144.00
37 56 3590.00
37 57 3718.00
38 0 2963.00
38 1 394.00
38 2 287.00
38 3 2763.00
38 4 991.00
38 5 841.00
38 6 4276.00
38 7 955.00
38 8 3214.00
38 9 560.00
38 10 455.00
38 11 1290.00
38 12 3185.00
38 13 1169.00
38 14 1827.00
38 15 1144.00
38 16 591.00
38 17 2465.00
38 18 856.00
38 19 3366.00
38 20 607.00
38 21 754.00
38 22 1315.00
38 23 2123.00
38 24 3180.00
38 25 720.00
38 26 1088.00
38 27 959.00
38 28 366.00
38 29 2860.00
38 30 3491.00
38 31 3352.00
38 32 1152.00
38 33 1493.00
38 34 329.00
38 35 705.00
38 36 1236.00
38 37 2590.00
38 39 3065.00
38 40 432.00
38 41 3124.00
38 42 1014.00
38 43 2351.00
38 44 1445.00
38 45 1783.00
38 46 602.00
38 47 345.00
38 48 688.00
38 49 3168.00
38 50 590.00
38 51 488.00
38 52 2732.00
38 53 498.00
38 54 589.00
38 55 1717.00
38 56 1369.00
38 57 2331.00
39 0 512.00
39 1 2740.00
39 2 2780.00
39 3 2083.00
39 4 2068.00
39 5 3316.00
39 6 6472.00
39 7 2217.00
39 8 184.00
39 9 2658.00
39 10 3380.00
39 11 2130.00
39 12 135.00
39 13 3744.00
39 14 4306.00
39 15 3338.00
39 16 3072.00
39 17 953.00
39 18 3371.00
39 19 800.00
39 20 3585.00
39 21 2414.00
39 22 1750.00
39 23 1141.00
39 24 125.00
39 25 3200.00
39 26 2209.00
39 27 3441.00
39 28 3070.00
39 29 257.00
39 30 5687.00
39 31 297.00
39 32 3639.00
39 33 4041.00
39 34 2734.00
39 35 3180.00
39 36 3784.00
39 37 4848.00
39 38 3065.00
39 40 2597.00
39 41 5330.00
39 42 2409.00
39 43 839.00
39 44 3935.00
39 45 4270.00
39 46 2721.00
39 47 2923.00
39 48 2559.00
39 49 1582.00
39 50 2649.00
39 51 2753.00
39 52 1146.00
39 53 2568.00
39 54 2651.00
39 55 4204.00
39 56 1889.00
39 57 1211.00
40 0 2515.00
40 1 98.00
40 2 276.00
40 3 2543.00
40 4 523.00
40 5 919.00
40 6 4447.00
40 7 715.00
40 8 2746.00
40 9 227.00
40 10 894.00
40 11 1019.00
40 12 2914.00
40 13 1301.00
40 14 1905.00
40 15 1310.00
40 16 669.00
40 17 1997.00
40 18 968.00
40 19 3064.00
40 20 892.00
40 21 607.00
40 22 847.00
40 23 1849.00
40 24 2712.00
40 25 798.00
40 26 783.00
40 27 1037.00
40 28 447.00
40 29 2392.00
40 30 3662.00
40 31 2884.00
40 32 1230.00
40 33 1638.00
40 34 148.00
40 35 635.00
40 36 1381.00
40 37 2761.00
40 38 432.00
40 39 2597.00
40 41 3294.00
40 42 722.00
40 43 1883.00
40 44 1423.00
40 45 1783.00
40 46 391.00
40 47 192.00
40 48 416.00
40 49 2928.00
40 50 319.00
40 51 217.00
40 52 2492.00
40 53 184.00
40 54 282.00
40 55 1795.00
40 56 1095.00
40 57 2042.00
41 0 4850.00
41 1 3538.00
41 2 3436.00
41 3 4925.00
41 4 3594.00
41 5 3974.00
41 6 2230.00
41 7 3125.00
41 8 4875.00
41 9 3674.00
41 10 2688.00
41 11 4799.00
41 12 5274.00
41 13 4291.00
41 14 4947.00
41 15 1990.00
41 16 3724.00
41 17 4756.00
41 18 4029.00
41 19 5536.00
41 20 3558.00
41 21 2922.00
41 22 3919.00
41 23 4572.00
41 24 5533.00
41 25 3848.00
41 26 3841.00
41 27 4069.00
41 28 3342.00
41 29 5123.00
41 30 1445.00
41 31 5634.00
41 32 4113.00
41 33 4604.00
41 34 3476.00
41 35 3595.00
41 36 4359.00
41 37 544.00
41 38 3124.00
41 39 5330.00
41 40 3294.00
41 42 4015.00
41 43 4642.00
41 44 4409.00
41 45 4739.00
41 46 3750.00
41 47 3201.00
41 48 3770.00
41 49 5338.00
41 50 3607.00
41 51 3617.00
41 52 4902.00
41 53 3147.00
41 54 3047.00
41 55 4678.00
41 56 4124.00
41 57 4252.00
42 0 1937.00
42 1 856.00
42 2 771.00
42 3 3236.00
42 4 434.00
42 5 1063.00
42 6 5167.00
42 7 1145.00
42 8 2492.00
42 9 502.00
42 10 1433.00
42 11 279.00
42 12 2267.00
42 13 1420.00
42 14 2073.00
42 15 2035.00
42 16 846.00
42 17 1834.00
42 18 1140.00
42 19 2804.00
42 20 1470.00
42 21 1348.00
42 22 600.00
42 23 1275.00
42 24 2524.00
42 25 969.00
42 26 184.00
42 27 1210.00
42 28 949.00
42 29 2204.00
42 30 4615.00
42 31 2696.00
42 32 1402.00
42 33 1802.00
42 34 567.00
42 35 971.00
42 36 1553.00
42 37 3481.00
42 38 1014.00
42 39 2409.00
42 40 722.00
42 41 4015.00
42 43 1720.00
42 44 1698.00
42 45 2037.00
42 46 554.00
42 47 852.00
42 48 339.00
42 49 3004.00
42 50 429.00
42 51 533.00
42 52 2571.00
42 53 889.00
42 54 993.00
42 55 1967.00
42 56 527.00
42 57 1123.00
43 0 367.00
43 1 2026.00
43 2 2066.00
43 3 2107.00
43 4 1354.00
43 5 2620.00
43 6 5784.00
43 7 1529.00
43 8 925.00
43 9 1944.00
43 10 2692.00
43 11 1441.00
43 12 815.00
43 13 3047.00
43 14 3590.00
43 15 2650.00
43 16 2379.00
43 17 114.00
43 18 2678.00
43 19 1385.00
43 20 2871.00
43 21 1726.00
43 22 1061.00
43 23 452.00
43 24 954.00
43 25 2486.00
43 26 1524.00
43 27 2727.00
43 28 2356.00
43 29 656.00
43 30 4999.00
43 31 1126.00
43 32 2925.00
43 33 3319.00
43 34 2020.00
43 35 2466.00
43 36 3070.00
43 37 4068.00
43 38 2351.00
43 39 839.00
43 40 1883.00
43 41 4642.00
43 42 1720.00
43 44 3221.00
43 45 3556.00
43 46 2274.00
43 47 2235.00
43 48 1870.00
43 49 1601.00
43 50 1954.00
43 51 1960.00
43 52 1170.00
43 53 1854.00
43 54 1917.00
43 55 3490.00
43 56 1226.00
43 57 522.00
44 0 3601.00
44 1 1710.00
44 2 1395.00
44 3 3939.00
44 4 1861.00
44 5 940.00
44 6 5561.00
44 7 2131.00
44 8 4017.00
44 9 1312.00
44 10 1740.00
44 11 1971.00
44 12 3883.00
44 13 479.00
44 14 562.00
44 15 2429.00
44 16 854.00
44 17 3335.00
44 18 806.00
44 19 4401.00
44 20 1288.00
44 21 1930.00
44 22 2182.00
44 23 2805.00
44 24 4050.00
44 25 984.00
44 26 1756.00
44 27 701.00
44 28 708.00
44 29 3730.00
44 30 4776.00
44 31 4222.00
44 32 213.00
44 33 354.00
44 34 1335.00
44 35 968.00
44 36 342.00
44 37 3875.00
44 38 1445.00
44 39 3935.00
44 40 1423.00
44 41 4409.00
44 42 1698.00
44 43 3221.00
44 45 273.00
44 46 1340.00
44 47 1525.00
44 48 1355.00
44 49 4344.00
44 50 1258.00
44 51 942.00
44 52 3908.00
44 53 1700.00
44 54 1798.00
44 55 312.00
44 56 2051.00
44 57 3033.00
45 0 3936.00
45 1 1733.00
45 2 1740.00
45 3 4274.00
45 4 2196.00
45 5 1090.00
45 6 5891.00
45 7 2466.00
45 8 4362.00
45 9 1650.00
45 10 2070.00
45 11 2309.00
45 12 4221.00
45 13 629.00
45 14 607.00
45 15 2759.00
45 16 1192.00
45 17 3670.00
45 18 960.00
45 19 4739.00
45 20 1438.00
45 21 2265.00
45 22 2510.00
45 23 3143.00
45 24 4385.00
45 25 1138.00
45 26 2094.00
45 27 851.00
45 28 837.00
45 29 4065.00
45 30 5106.00
45 31 4557.00
45 32 435.00
45 33 229.00
45 34 1672.00
45 35 1306.00
45 36 492.00
45 37 4505.00
45 38 1783.00
45 39 4270.00
45 40 1783.00
45 41 4739.00
45 42 2037.00
45 43 3556.00
45 44 273.00
45 46 1668.00
45 47 1863.00
45 48 1693.00
45 49 4679.00
45 50 1596.00
45 51 1580.00
45 52 4243.00
45 53 2038.00
45 54 2134.00
45 55 254.00
45 56 2389.00
45 57 3351.00
46 0 2430.00
46 1 508.00
46 2 407.00
46 3 3008.00
46 4 658.00
46 5 722.00
46 6 4902.00
46 7 1087.00
46 8 2985.00
46 9 170.00
46 10 1081.00
46 11 772.00
46 12 2667.00
46 13 1059.00
46 14 1717.00
46 15 1770.00
46 16 392.00
46 17 2388.00
46 18 691.00
46 19 3199.00
46 20 1118.00
46 21 991.00
46 22 1093.00
46 23 1610.00
46 24 2836.00
46 25 528.00
46 26 570.00
46 27 702.00
46 28 577.00
46 29 2527.00
46 30 4117.00
46 31 3008.00
46 32 802.00
46 33 1356.00
46 34 243.00
46 35 506.00
46 36 1099.00
46 37 3145.00
46 38 602.00
46 39 2721.00
46 40 391.00
46 41 3750.00
46 42 554.00
46 43 2274.00
46 44 1340.00
46 45 1668.00
46 47 520.00
46 48 86.00
46 49 3299.00
46 50 72.00
46 51 170.00
46 52 2864.00
46 53 558.00
46 54 662.00
46 55 1489.00
46 56 856.00
46 57 1434.00
47 0 2691.00
47 1 194.00
47 2 279.00
47 3 2522.00
47 4 750.00
47 5 921.00
47 6 4353.00
47 7 718.00
47 8 2973.00
47 9 383.00
47 10 696.00
47 11 1148.00
47 12 3043.00
47 13 1249.00
47 14 2093.00
47 15 1216.00
47 16 671.00
47 17 2349.00
47 18 978.00
47 19 3129.00
47 20 742.00
47 21 517.00
47 22 1074.00
47 23 2020.00
47 24 2939.00
47 25 800.00
47 26 946.00
47 27 1039.00
47 28 367.00
47 29 2619.00
47 30 3568.00
47 31 3114.00
47 32 1232.00
47 33 1849.00
47 34 287.00
47 35 705.00
47 36 1592.00
47 37 2667.00
47 38 345.00
47 39 2923.00
47 40 192.00
47 41 3201.00
47 42 852.00
47 43 2235.00
47 44 1525.00
47 45 1863.00
47 46 520.00
47 48 543.00
47 49 2931.00
47 50 448.00
47 51 342.00
47 52 2495.00
47 53 239.00
47 54 288.00
47 55 1797.00
47 56 1266.00
47 57 1878.00
48 0 2087.00
48 1 532.00
48 2 334.00
48 3 3006.00
48 4 563.00
48 5 761.00
48 6 4922.00
48 7 1083.00
48 8 2831.00
48 9 169.00
48 10 1101.00
48 11 618.00
48 12 2606.00
48 13 1079.00
48 14 1742.00
48 15 1790.00
48 16 511.00
48 17 1984.00
48 18 810.00
48 19 3032.00
48 20 1143.00
48 21 983.00
48 22 887.00
48 23 1612.00
48 24 2644.00
48 25 640.00
48 26 523.00
48 27 879.00
48 28 623.00
48 29 2354.00
48 30 4137.00
48 31 2846.00
48 32 1072.00
48 33 1475.00
48 34 268.00
48 35 625.00
48 36 1218.00
48 37 3236.00
48 38 688.00
48 39 2559.00
48 40 416.00
48 41 3770.00
48 42 339.00
48 43 1870.00
48 44 1355.00
48 45 1693.00
48 46 86.00
48 47 543.00
48 49 3295.00
48 50 97.00
48 51 199.00
48 52 2859.00
48 53 588.00
48 54 692.00
48 55 1637.00
48 56 858.00
48 57 1339.00
49 0 1861.00
49 1 2906.00
49 2 3135.00
49 3 806.00
49 4 2929.00
49 5 3866.00
49 6 6480.00
49 7 2225.00
49 8 1544.00
49 9 3136.00
49 10 3388.00
49 11 2844.00
49 12 1451.00
49 13 4119.00
49 14 4772.00
49 15 3346.00
49 16 3565.00
49 17 1715.00
49 18 3864.00
49 19 1070.00
49 20 3801.00
49 21 2422.00
49 22 2425.00
49 23 1869.00
49 24 1669.00
49 25 3751.00
49 26 3178.00
49 27 3929.00
49 28 3325.00
49 29 1608.00
49 30 5695.00
49 31 1607.00
49 32 4052.00
49 33 4501.00
49 34 3213.00
49 35 3502.00
49 36 4252.00
49 37 4764.00
49 38 3168.00
49 39 1582.00
49 40 2928.00
49 41 5338.00
49 42 3004.00
49 43 1601.00
49 44 4344.00
49 45 4679.00
49 46 3299.00
49 47 2931.00
49 48 3295.00
49 50 3227.00
49 51 3206.00
49 52 446.00
49 53 2750.00
49 54 2649.00
49 55 4617.00
49 56 2417.00
49 57 1882.00
50 0 2358.00
50 1 435.00
50 2 337.00
50 3 2936.00
50 4 586.00
50 5 652.00
50 6 4759.00
50 7 1015.00
50 8 2913.00
50 9 98.00
50 10 1009.00
50 11 700.00
50 12 2595.00
50 13 982.00
50 14 1645.00
50 15 1622.00
50 16 408.00
50 17 2068.00
50 18 707.00
50 19 3122.00
50 20 1046.00
50 21 919.00
50 22 1021.00
50 23 1542.00
50 24 2764.00
50 25 536.00
50 26 498.00
50 27 777.00
50 28 525.00
50 29 2444.00
50 30 3969.00
50 31 2936.00
50 32 970.00
50 33 1139.00
50 34 171.00
50 35 524.00
50 36 1115.00
50 37 3073.00
50 38 590.00
50 39 2649.00
50 40 319.00
50 41 3607.00
50 42 429.00
50 43 1954.00
50 44 1258.00
50 45 1596.00
50 46 72.00
50 47 448.00
50 48 97.00
50 49 3227.00
50 51 102.00
50 52 2791.00
50 53 486.00
50 54 590.00
50 55 1535.00
50 56 8700.00
50 57 1441.00
51 0 2263.00
51 1 335.00
51 2 235.00
51 3 3026.00
51 4 668.00
51 5 754.00
51 6 4771.00
51 7 960.00
51 8 2891.00
51 9 80.00
51 10 950.00
51 11 802.00
51 12 2697.00
51 13 967.00
51 14 1747.00
51 15 1639.00
51 16 388.00
51 17 2074.00
51 18 687.00
51 19 3209.00
51 20 976.00
51 21 880.00
51 22 992.00
51 23 1642.00
51 24 2857.00
51 25 517.00
51 26 600.00
51 27 756.00
51 28 523.00
51 29 2537.00
51 30 3986.00
51 31 3162.00
51 32 949.00
51 33 1352.00
51 34 107.00
51 35 502.00
51 36 1095.00
51 37 3083.00
51 38 488.00
51 39 2753.00
51 40 217.00
51 41 3617.00
51 42 533.00
51 43 1960.00
51 44 942.00
51 45 1580.00
51 46 170.00
51 47 342.00
51 48 199.00
51 49 3206.00
51 50 102.00
51 52 2770.00
51 53 389.00
51 54 497.00
51 55 1514.00
51 56 888.00
51 57 1543.00
52 0 1425.00
52 1 2470.00
52 2 2699.00
52 3 947.00
52 4 2493.00
52 5 3430.00
52 6 6044.00
52 7 1789.00
52 8 1103.00
52 9 2700.00
52 10 2952.00
52 11 2413.00
52 12 1011.00
52 13 3683.00
52 14 4036.00
52 15 2910.00
52 16 3129.00
52 17 1284.00
52 18 3428.00
52 19 634.00
52 20 3365.00
52 21 1986.00
52 22 1994.00
52 23 1422.00
52 24 1233.00
52 25 3315.00
