
data;

param n := 30;

param : E : c :=
    1    2          69.43
    1    3          71.84
    1    4          60.00
    1    5          24.19
    1    6          58.22
    1    7          39.96
    1    8          30.87
    1    9          48.09
    1   10          21.40
    1   11          45.65
    1   12          18.68
    1   13          44.41
    1   14          49.16
    1   15          27.66
    1   16          30.61
    1   17          37.80
    1   18          29.97
    1   19          53.34
    1   20          21.40
    1   21          10.44
    1   22          66.41
    1   23          51.08
    1   24          70.04
    1   25          38.28
    1   26          15.13
    1   27          52.50
    1   28          33.97
    1   29          30.68
    1   30          70.24
    2    1          69.43
    2    3           6.08
    2    4          29.73
    2    5          53.71
    2    6         102.53
    2    7          34.71
    2    8          96.01
    2    9          89.83
    2   10          51.01
    2   11          29.12
    2   12          88.07
    2   13          34.18
    2   14          21.47
    2   15          45.62
    2   16          44.28
    2   17          39.05
    2   18          98.76
    2   19          25.00
    2   20          55.08
    2   21          78.77
    2   22          90.21
    2   23          21.84
    2   24          26.02
    2   25          50.21
    2   26          70.01
    2   27          55.57
    2   28          59.55
    2   29          72.20
    2   30          47.38
    3    1          71.84
    3    2           6.08
    3    4          26.40
    3    5          57.69
    3    6         107.52
    3    7          35.01
    3    8          97.25
    3    9          94.76
    3   10          52.47
    3   11          29.07
    3   12          90.52
    3   13          33.54
    3   14          25.61
    3   15          49.40
    3   16          45.01
    3   17          39.12
    3   18         101.51
    3   19          30.53
    3   20          56.08
    3   21          80.81
    3   22          95.88
    3   23          22.00
    3   24          32.00
    3   25          55.23
    3   26          71.18
    3   27          61.29
    3   28          64.35
    3   29          76.69
    3   30          53.46
    4    1          60.00
    4    2          29.73
    4    3          26.40
    4    5          55.07
    4    6         107.91
    4    7          20.52
    4    8          79.40
    4    9          95.29
    4   10          38.60
    4   11          16.12
    4   12          77.70
    4   13          15.62
    4   14          32.02
    4   15          46.96
    4   16          29.41
    4   17          22.20
    4   18          89.59
    4   19          42.30
    4   20          39.82
    4   21          66.73
    4   22         102.62
    4   23          16.03
    4   24          52.39
    4   25          59.20
    4   26          54.23
    4   27          70.46
    4   28          65.92
    4   29          75.29
    4   30          70.41
    5    1          24.19
    5    2          53.71
    5    3          57.69
    5    4          55.07
    5    6          52.84
    5    7          35.47
    5    8          55.01
    5    9          40.25
    5   10          25.32
    5   11          38.95
    5   12          39.62
    5   13          40.85
    5   14          32.25
    5   15           8.49
    5   16          31.14
    5   17          36.14
    5   18          48.01
    5   19          32.56
    5   20          30.08
    5   21          34.44
    5   22          51.00
    5   23          41.23
    5   24          48.00
    5   25          14.21
    5   26          35.47
    5   27          29.07
    5   28          13.15
    5   29          20.25
    5   30          46.07
    6    1          58.22
    6    2         102.53
    6    3         107.52
    6    4         107.91
    6    5          52.84
    6    7          88.10
    6    8          74.63
    6    9          12.81
    6   10          74.33
    6   11          91.79
    6   12          54.57
    6   13          93.47
    6   14          82.22
    6   15          61.06
    6   16          82.28
    6   17          88.24
    6   18          50.09
    6   19          77.90
    6   20          77.13
    6   21          61.20
    6   22          26.48
    6   23          93.74
    6   24          87.13
    6   25          52.33
    6   26          73.06
    6   27          51.00
    6   28          43.28
    6   29          32.65
    6   30          71.51
    7    1          39.96
    7    2          34.71
    7    3          35.01
    7    4          20.52
    7    5          35.47
    7    6          88.10
    7    8          62.51
    7    9          75.64
    7   10          18.79
    7   11           6.08
    7   12          58.14
    7   13           5.39
    7   14          22.67
    7   15          27.89
    7   16          10.20
    7   17           4.47
    7   18          69.84
    7   19          33.02
    7   20          21.38
    7   21          47.54
    7   22          85.00
    7   23          13.04
    7   24          48.10
    7   25          42.05
    7   26          36.50
    7   27          55.33
    7   28          47.30
    7   29          55.46
    7   30          60.83
    8    1          30.87
    8    2          96.01
    8    3          97.25
    8    4          79.40
    8    5          55.01
    8    6          74.63
    8    7          62.51
    8    9          68.43
    8   10          45.00
    8   11          68.59
    8   12          20.59
    8   13          65.31
    8   14          77.52
    8   15          58.19
    8   16          52.35
    8   17          58.86
    8   18          26.02
    8   19          83.20
    8   20          41.19
    8   21          20.59
    8   22          90.43
    8   23          75.33
    8   24         100.17
    8   25          68.96
    8   26          26.08
    8   27          82.66
    8   28          63.60
    8   29          56.64
    8   30         101.07
    9    1          48.09
    9    2          89.83
    9    3          94.76
    9    4          95.29
    9    5          40.25
    9    6          12.81
    9    7          75.64
    9    8          68.43
    9   10          62.59
    9   11          79.18
    9   12          47.85
    9   13          81.02
    9   14          69.43
    9   15          48.37
    9   16          70.21
    9   17          75.96
    9   18          46.10
    9   19          65.30
    9   20          65.76
    9   21          52.63
    9   22          23.43
    9   23          80.99
    9   24          75.18
    9   25          39.62
    9   26          63.20
    9   27          39.56
    9   28          30.48
    9   29          20.25
    9   30          60.88
   10    1          21.40
   10    2          51.01
   10    3          52.47
   10    4          38.60
   10    5          25.32
   10    6          74.33
   10    7          18.79
   10    8          45.00
   10    9          62.59
   10   11          24.70
   10   12          39.36
   10   13          23.02
   10   14          33.24
   10   15          21.47
   10   16           9.22
   10   17          16.40
   10   18          51.11
   10   19          40.71
   10   20           5.66
   10   21          28.79
   10   22          76.11
   10   23          30.81
   10   24          57.70
   10   25          37.16
   10   26          19.10
   10   27          52.33
   10   28          38.47
   10   29          42.58
   10   30          64.35
   11    1          45.65
   11    2          29.12
   11    3          29.07
   11    4          16.12
   11    5          38.95
   11    6          91.79
   11    7           6.08
   11    8          68.59
   11    9          79.18
   11   10          24.70
   11   12          63.98
   11   13           5.66
   11   14          20.12
   11   15          30.87
   11   16          16.28
   11   17          10.05
   11   18          75.59
   11   19          30.87
   11   20          27.46
   11   21          53.49
   11   22          87.10
   11   23           7.28
   11   24          44.69
   11   25          43.74
   11   26          42.58
   11   27          56.00
   11   28          49.98
   11   29          59.17
   11   30          59.24
   12    1          18.68
   12    2          88.07
   12    3          90.52
   12    4          77.70
   12    5          39.62
   12    6          54.57
   12    7          58.14
   12    8          20.59
   12    9          47.85
   12   10          39.36
   12   11          63.98
   12   13          62.27
   12   14          67.60
   12   15          45.01
   12   16          48.37
   12   17          55.57
   12   18          12.04
   12   19          71.01
   12   20          38.01
   12   21          11.31
   12   22          69.89
   12   23          69.64
   12   24          87.28
   12   25          52.50
   12   26          25.61
   12   27          64.85
   12   28          45.62
   12   29          36.88
   12   30          84.76
   13    1          44.41
   13    2          34.18
   13    3          33.54
   13    4          15.62
   13    5          40.85
   13    6          93.47
   13    7           5.39
   13    8          65.31
   13    9          81.02
   13   10          23.02
   13   11           5.66
   13   12          62.27
   13   14          25.55
   13   15          33.24
   13   16          13.89
   13   17           6.71
   13   18          74.09
   13   19          36.24
   13   20          24.70
   13   21          51.43
   13   22          90.26
   13   23          12.53
   13   24          50.33
   13   25          47.17
   13   26          39.56
   13   27          60.13
   13   28          52.63
   13   29          60.84
   13   30          64.47
   14    1          49.16
   14    2          21.47
   14    3          25.61
   14    4          32.02
   14    5          32.25
   14    6          82.22
   14    7          22.67
   14    8          77.52
   14    9          69.43
   14   10          33.24
   14   11          20.12
   14   12          67.60
   14   13          25.55
   14   15          24.17
   14   16          29.15
   14   17          26.87
   14   18          77.88
   14   19          10.77
   14   20          38.28
   14   21          59.01
   14   22          72.62
   14   23          16.12
   14   24          25.61
   14   25          30.23
   14   26          52.17
   14   27          39.05
   14   28          38.95
   14   29          51.09
   14   30          39.22
   15    1          27.66
   15    2          45.62
   15    3          49.40
   15    4          46.96
   15    5           8.49
   15    6          61.06
   15    7          27.89
   15    8          58.19
   15    9          48.37
   15   10          21.47
   15   11          30.87
   15   12          45.01
   15   13          33.24
   15   14          24.17
   15   16          25.18
   15   17          29.15
   15   18          54.45
   15   19          26.00
   15   20          26.93
   15   21          38.08
   15   22          57.31
   15   23          32.80
   15   24          42.43
   15   25          15.81
   15   26          35.81
   15   27          30.87
   15   28          19.42
   15   29          28.60
   15   30          44.20
   16    1          30.61
   16    2          44.28
   16    3          45.01
   16    4          29.41
   16    5          31.14
   16    6          82.28
   16    7          10.20
   16    8          52.35
   16    9          70.21
   16   10           9.22
   16   11          16.28
   16   12          48.37
   16   13          13.89
   16   14          29.15
   16   15          25.18
   16   17           7.21
   16   18          60.21
   16   19          38.29
   16   20          11.18
   16   21          37.58
   16   22          82.05
   16   23          23.02
   16   24          54.64
   16   25          40.79
   16   26          26.31
   16   27          55.36
   16   28          44.01
   16   29          50.00
   16   30          64.40
   17    1          37.80
   17    2          39.05
   17    3          39.12
   17    4          22.20
   17    5          36.14
   17    6          88.24
   17    7           4.47
   17    8          58.86
   17    9          75.96
   17   10          16.40
   17   11          10.05
   17   12          55.57
   17   13           6.71
   17   14          26.87
   17   15          29.15
   17   16           7.21
   17   18          67.42
   17   19          37.01
   17   20          18.03
   17   21          44.72
   17   22          86.47
   17   23          17.26
   17   24          52.40
   17   25          44.05
   17   26          32.98
   17   27          57.87
   17   28          48.51
   17   29          55.71
   17   30          64.50
   18    1          29.97
   18    2          98.76
   18    3         101.51
   18    4          89.59
   18    5          48.01
   18    6          50.09
   18    7          69.84
   18    8          26.02
   18    9          46.10
   18   10          51.11
   18   11          75.59
   18   12          12.04
   18   13          74.09
   18   14          77.88
   18   15          54.45
   18   16          60.21
   18   17          67.42
   18   19          80.31
   18   20          50.00
   18   21          23.35
   18   22          69.31
   18   23          81.02
   18   24          96.01
   18   25          59.54
   18   26          37.54
   18   27          70.21
   18   28          51.42
   18   29          40.31
   18   30          91.22
   19    1          53.34
   19    2          25.00
   19    3          30.53
   19    4          42.30
   19    5          32.56
   19    6          77.90
   19    7          33.02
   19    8          83.20
   19    9          65.30
   19   10          40.71
   19   11          30.87
   19   12          71.01
   19   13          36.24
   19   14          10.77
   19   15          26.00
   19   16          38.29
   19   17          37.01
   19   18          80.31
   19   20          46.14
   19   21          63.64
   19   22          65.37
   19   23          26.68
   19   24          17.09
   19   25          25.81
   19   26          58.87
   19   27          30.87
   19   28          35.51
   19   29          48.76
   19   30          28.46
   20    1          21.40
   20    2          55.08
   20    3          56.08
   20    4          39.82
   20    5          30.08
   20    6          77.13
   20    7          21.38
   20    8          41.19
   20    9          65.76
   20   10           5.66
   20   11          27.46
   20   12          38.01
   20   13          24.70
   20   14          38.28
   20   15          26.93
   20   16          11.18
   20   17          18.03
   20   18          50.00
   20   19          46.14
   20   21          26.93
   20   22          80.40
   20   23          34.13
   20   24          63.06
   20   25          42.49
   20   26          15.13
   20   27          57.71
   20   28          43.17
   20   29          46.10
   20   30          70.01
   21    1          10.44
   21    2          78.77
   21    3          80.81
   21    4          66.73
   21    5          34.44
   21    6          61.20
   21    7          47.54
   21    8          20.59
   21    9          52.63
   21   10          28.79
   21   11          53.49
   21   12          11.31
   21   13          51.43
   21   14          59.01
   21   15          38.08
   21   16          37.58
   21   17          44.72
   21   18          23.35
   21   19          63.64
   21   20          26.93
   21   22          72.92
   21   23          59.48
   21   24          80.41
   21   25          48.37
   21   26          14.42
   21   27          62.20
   21   28          43.28
   21   29          37.74
   21   30          80.50
   22    1          66.41
   22    2          90.21
   22    3          95.88
   22    4         102.62
   22    5          51.00
   22    6          26.48
   22    7          85.00
   22    8          90.43
   22    9          23.43
   22   10          76.11
   22   11          87.10
   22   12          69.89
   22   13          90.26
   22   14          72.62
   22   15          57.31
   22   16          82.05
   22   17          86.47
   22   18          69.31
   22   19          65.37
   22   20          80.40
   22   21          72.92
   22   23          86.98
   22   24          70.04
   22   25          43.42
   22   26          81.32
   22   27          34.67
   22   28          38.05
   22   29          35.74
   22   30          50.80
   23    1          51.08
   23    2          21.84
   23    3          22.00
   23    4          16.03
   23    5          41.23
   23    6          93.74
   23    7          13.04
   23    8          75.33
   23    9          80.99
   23   10          30.81
   23   11           7.28
   23   12          69.64
   23   13          12.53
   23   14          16.12
   23   15          32.80
   23   16          23.02
   23   17          17.26
   23   18          81.02
   23   19          26.68
   23   20          34.13
   23   21          59.48
   23   22          86.98
   23   24          38.83
   23   25          43.66
   23   26          49.25
   23   27          54.45
   23   28          51.00
   23   29          61.40
   23   30          55.08
   24    1          70.04
   24    2          26.02
   24    3          32.00
   24    4          52.39
   24    5          48.00
   24    6          87.13
   24    7          48.10
   24    8         100.17
   24    9          75.18
   24   10          57.70
   24   11          44.69
   24   12          87.28
   24   13          50.33
   24   14          25.61
   24   15          42.43
   24   16          54.64
   24   17          52.40
   24   18          96.01
   24   19          17.09
   24   20          63.06
   24   21          80.41
   24   22          70.04
   24   23          38.83
   24   25          38.08
   24   26          75.96
   24   27          36.40
   24   28          47.80
   24   29          61.40
   24   30          22.14
   25    1          38.28
   25    2          50.21
   25    3          55.23
   25    4          59.20
   25    5          14.21
   25    6          52.33
   25    7          42.05
   25    8          68.96
   25    9          39.62
   25   10          37.16
   25   11          43.74
   25   12          52.50
   25   13          47.17
   25   14          30.23
   25   15          15.81
   25   16          40.79
   25   17          44.05
   25   18          59.54
   25   19          25.81
   25   20          42.49
   25   21          48.37
   25   22          43.42
   25   23          43.66
   25   24          38.08
   25   26          49.52
   25   27          15.26
   25   28           9.85
   25   29          23.41
   25   30          32.31
   26    1          15.13
   26    2          70.01
   26    3          71.18
   26    4          54.23
   26    5          35.47
   26    6          73.06
   26    7          36.50
   26    8          26.08
   26    9          63.20
   26   10          19.10
   26   11          42.58
   26   12          25.61
   26   13          39.56
   26   14          52.17
   26   15          35.81
   26   16          26.31
   26   17          32.98
   26   18          37.54
   26   19          58.87
   26   20          15.13
   26   21          14.42
   26   22          81.32
   26   23          49.25
   26   24          75.96
   26   25          49.52
   26   27          64.54
   26   28          47.17
   26   29          45.61
   26   30          80.00
   27    1          52.50
   27    2          55.57
   27    3          61.29
   27    4          70.46
   27    5          29.07
   27    6          51.00
   27    7          55.33
   27    8          82.66
   27    9          39.56
   27   10          52.33
   27   11          56.00
   27   12          64.85
   27   13          60.13
   27   14          39.05
   27   15          30.87
   27   16          55.36
   27   17          57.87
   27   18          70.21
   27   19          30.87
   27   20          57.71
   27   21          62.20
   27   22          34.67
   27   23          54.45
   27   24          36.40
   27   25          15.26
   27   26          64.54
   27   28          19.24
   27   29          30.41
   27   30          22.02
   28    1          33.97
   28    2          59.55
   28    3          64.35
   28    4          65.92
   28    5          13.15
   28    6          43.28
   28    7          47.30
   28    8          63.60
   28    9          30.48
   28   10          38.47
   28   11          49.98
   28   12          45.62
   28   13          52.63
   28   14          38.95
   28   15          19.42
   28   16          44.01
   28   17          48.51
   28   18          51.42
   28   19          35.51
   28   20          43.17
   28   21          43.28
   28   22          38.05
   28   23          51.00
   28   24          47.80
   28   25           9.85
   28   26          47.17
   28   27          19.24
   28   29          13.60
   28   30          39.81
   29    1          30.68
   29    2          72.20
   29    3          76.69
   29    4          75.29
   29    5          20.25
   29    6          32.65
   29    7          55.46
   29    8          56.64
   29    9          20.25
   29   10          42.58
   29   11          59.17
   29   12          36.88
   29   13          60.84
   29   14          51.09
   29   15          28.60
   29   16          50.00
   29   17          55.71
   29   18          40.31
   29   19          48.76
   29   20          46.10
   29   21          37.74
   29   22          35.74
   29   23          61.40
   29   24          61.40
   29   25          23.41
   29   26          45.61
   29   27          30.41
   29   28          13.60
   29   30          52.15
   30    1          70.24
   30    2          47.38
   30    3          53.46
   30    4          70.41
   30    5          46.07
   30    6          71.51
   30    7          60.83
   30    8         101.07
   30    9          60.88
   30   10          64.35
   30   11          59.24
   30   12          84.76
   30   13          64.47
   30   14          39.22
   30   15          44.20
   30   16          64.40
   30   17          64.50
   30   18          91.22
   30   19          28.46
   30   20          70.01
   30   21          80.50
   30   22          50.80
   30   23          55.08
   30   24          22.14
   30   25          32.31
   30   26          80.00
   30   27          22.02
   30   28          39.81
   30   29          52.15
;

end;
